78.23757652073935
39.43330006849295
40.57873616768268
33.49855291522132
80.84786466599981
37.43934677456655
74.81182609665532
22.85999233985956
68.1876886340572
33.171843461752765
45.702075046082086
35.93056788629072
33.16303981075941
68.40211880229963
63.733821815409264
38.46445361516867
44.28730554176569
57.05572422410402
38.418483068459565
36.348735707033136
32.961596824671005
52.06982521570871
45.412042787853736
35.80606775315005
49.12748217121795
39.09171109125529
50.22544711614075
58.57704906204467
53.15145186888554
43.06158358131319
45.158125572514905
58.03832996199658
52.91028960516548
63.44050866399152
56.75368432253845
43.84581309427431
68.14584938113447
76.01867850577958
90.8925376848549
29.71203864346794
50.864141256242725
63.27344792046192
53.407993295511005
23.219894767295393
51.9992662545397
61.173401259059695
44.958830341899855
45.27911339234961
51.48203016944915
50.20710340602438
50.25196366943253
68.10392125659905
42.73087489866694
39.068305483479506
43.18254810767804
49.01424676076238
41.71031957519723
69.9774695311689
33.232108485010635
51.01459706077957
60.78398134061064
34.97169713140011
29.975573458122025
53.40009207405714
53.99016185154548
30.668603141736362
47.73427931539768
27.31508046973228
47.95165630468916
37.25667303759916
24.82130037234895
70.2096312986359
31.984292571437827
63.03518541618303
31.62218856193568
57.40687774767885
61.735268557283604
39.27369936225555
61.90111381037383
49.060871609930246
63.13806066813594
60.962654767923354
57.04026941577222
50.5057438597525
52.03844619371212
59.73942660143191
66.34788433272936
90.92580035760915
55.52441445668382
46.79301556999634
48.60447904395143
32.9049200489094
40.73218250804892
34.43166012286615
56.44766332736871
45.66801340978796
91.01395830101683
24.440654472907575
99.25445190202475
44.570265235493885
72.1268937506001
44.00311486334388
31.126868861743322
53.37332038093956
46.63661519439417
